1 0.48385009765625 0.26209205627441406 0.089447021484375 0.09081968519422744
1 0.6848200747841283 0.5286250474717882 0.08186377809758771 0.07329644097222222
1 0.7691454703347724 0.4660056898328993 0.08464221619723136 0.08006720648871528
1 0.8487031903183251 0.5309258185492621 0.08137555038719846 0.06911407470703125
1 0.491262670148883 0.4079235331217448 0.08548174406352796 0.08261233859592014
1 0.5002243041992187 0.6257408989800347 0.08111031515556469 0.07371961805555556
1 0.5844571297628838 0.6883897908528646 0.08023060581140351 0.06833340115017361
1 0.16666006121719093 0.4909089491102431 0.08029315346165707 0.07516364203559028
1 0.3943632159316749 0.328214848836263 0.09238233064350329 0.09774347941080729
1 0.50199836597108 0.7561309475368924 0.07957089072779605 0.06672654893663195
1 0.5889543767560992 0.3324786207411024 0.08599194978412829 0.0825242445203993
1 0.26270484924316406 0.557648434109158 0.07787913272255345 0.07003584120008681
1 0.7660033376593339 0.6042524888780382 0.08334827088473136 0.06675367567274305
1 0.4168959232798794 0.6812276204427083 0.07768201326069078 0.07518717447916666
1 0.3422956901684142 0.49055091010199653 0.07699384187397204 0.0778396945529514
1 0.25646951909650834 0.43155675252278647 0.08327480115388569 0.08047671847873264
