1 0.22921323797004245 0.636775614420573 0.04186565314472682 0.0756729465060764
1 0.4252285855616701 0.4081149461534288 0.04648912601695146 0.07701317681206597
1 0.27396654221198846 0.7072177124023438 0.03721486458219961 0.06231764051649306
1 0.35135712746075043 0.5737007649739584 0.0344576804493633 0.05261433919270833
1 0.2584240074307181 0.4829549492730035 0.04329013450798596 0.08389065212673612
1 0.3522270179386496 0.5643063693576389 0.03566278599634033 0.07227851019965278
1 0.7513756691812691 0.2086385938856337 0.03732832566935133 0.07851708306206598
1 0.4994936234337587 0.44845986260308157 0.03408355115027754 0.07197601318359376
1 0.5721266550970016 0.314001956515842 0.03659303405256857 0.08502933078342013
1 0.41510562456635014 0.6086853535970053 0.03761939188683609 0.08709665934244791
1 0.35740756614861097 0.5590582444932726 0.03563557659277046 0.07807044135199653
1 0.5683325641716778 0.5365275573730469 0.019183745527454287 0.05451744927300347
1 0.7069072665263115 0.3476660834418403 0.03790514376768611 0.07452121310763889
1 0.5678314487987048 0.5255494350857205 0.020901392271168915 0.06389095730251736
1 0.22974477127732845 0.6305977037217882 0.03135252683952574 0.07002027723524305
1 0.41829681728630413 0.4034540812174479 0.03564376067118796 0.067945556640625
1 0.7501502894400305 0.3999957784016927 0.037901636305507184 0.058856641981336805
1 0.2565855525294542 0.47668902926974827 0.03430786929962995 0.08212080213758681
