0 0.4609375 0.694549 0.265625 0.513158
0 0.0521875 0.47321399999999997 0.024375 0.06108999999999998
0 0.0796875 0.34304500000000004 0.030625 0.07142799999999999
0 0.1209375 0.44783850000000003 0.03562500000000002 0.09680499999999997
0 0.1984375 0.5681395 0.031875000000000014 0.04417300000000002
0 0.2125 0.6080829999999999 0.04749999999999999 0.09962400000000005
0 0.2034375 0.45676649999999996 0.021875000000000006 0.056391000000000024
0 0.2525 0.2401315 0.04874999999999999 0.10432300000000003
0 0.24562499999999998 0.43844 0.018750000000000017 0.03853399999999996
0 0.290625 0.452068 0.04250000000000004 0.07706799999999997
0 0.30093749999999997 0.5394734999999999 0.029374999999999984 0.05639099999999997
0 0.318125 0.444079 0.020000000000000018 0.05732999999999999
0 0.3371875 0.5192669999999999 0.033125000000000016 0.06108999999999998
0 0.345 0.6118425 0.03875000000000001 0.10714299999999999
0 0.4096875 0.46757499999999996 0.026874999999999982 0.03477400000000003
0 0.46468750000000003 0.3054515 0.06812500000000005 0.219925
0 0.5334375 0.2965225 0.06187500000000001 0.183271
0 0.8521875 0.718985 0.171875 0.32142800000000005
0 0.839375 0.2208645 0.14375000000000004 0.319549
