0 0.590551 0.28416699999999995 0.14173200000000008 0.065
0 0.7036 0.469167 0.24859399999999998 0.07499999999999996
0 0.787964 0.631667 0.3948259999999999 0.16000000000000003
0 0.7924635 0.544167 0.36782899999999996 0.10499999999999993
0 0.724972 0.509167 0.2305959999999999 0.07500000000000001
0 0.7643420000000001 0.3991665 0.304836 0.10166700000000001
0 0.7114735 0.30500000000000005 0.17435299999999998 0.07
0 0.7272215 0.3058335 0.196851 0.10833300000000001
0 0.74072 0.343333 0.21484800000000004 0.06999999999999995
0 0.762092 0.3716665 0.24409400000000003 0.08333299999999999
0 0.8087735 0.44083300000000003 0.278965 0.12500000000000006
