3 0.829698771238327 0.2864743368168352 0.05243414640426636 0.14456449315977307
3 0.6753063797950745 0.7448695617050238 0.05480551719665527 0.14996597044289897
3 0.8063974678516388 0.4594028858279763 0.045939624309539795 0.14777223466954154
3 0.8791904449462891 0.13762140343862955 0.05836927890777588 0.14828679990977878
3 0.8036657571792603 0.21122568557761598 0.045241475105285645 0.14104029374799826
3 0.7441928088665009 0.36298571428826754 0.06267625093460083 0.15867561128094115
3 0.7277674376964569 0.5559651275679447 0.06136709451675415 0.1696240270120333
3 0.7785938382148743 0.41871044332077006 0.03725278377532959 0.10850267982762171
3 0.6867774724960327 0.5341000424297104 0.05889701843261719 0.1491129527503889
3 0.8022419214248657 0.47293653809308656 0.03903234004974365 0.12843432223988835
3 0.8026311099529266 0.45117253405457886 0.05971473455429077 0.1603867403759265
3 0.7227819561958313 0.577807223988836 0.048879384994506836 0.1301354426416087
